# best known angles for 51 measurement axes
# quantum error scale: 5.741531260933906
# polar angle, azimuthal angle
1.050383213244286740e+00 1.175533416218759175e+00
6.161279135104379412e-01 3.037450555975909960e+00
2.588830890335608093e+00 5.467744189927536524e+00
1.703465461178490070e+00 1.564472481277847438e+00
1.294243844544648692e+00 2.115944711288531455e+00
1.892383753214913256e+00 1.510031260611233384e+00
1.305299805119577217e+00 2.292647623810668112e+00
5.937008683217592786e-01 3.366049832603111192e+00
2.465713877142361898e+00 4.826876653756948521e+00
2.530276625631398435e+00 2.782332108425870310e+00
1.331871626310791701e+00 9.603685694261330230e-01
1.791079542107468781e-01 8.372884089559782250e-01
2.098517429710319071e+00 4.714144093060817831e+00
2.092888614383114909e+00 2.301332843903767245e+00
2.287256031450604077e+00 4.722686260843419248e+00
1.439782574180780594e+00 6.319916221636928455e+00
2.149326688921176842e+00 4.876688685335342832e+00
4.128988065958790199e-01 2.553047786608815706e+00
1.781841659100069641e+00 4.869047882147006234e+00
1.192207781638451980e+00 6.165521883807955072e-01
2.352572052426143756e+00 1.193228771240175679e+00
2.165513473272376588e-01 4.644956432732913143e+00
1.168398224442073197e+00 1.742663202554323387e+00
2.405090658788674229e+00 6.001070351279847337e+00
1.452181041978039877e+00 5.781991530107938537e+00
2.677370189225050989e+00 3.037867843907722687e+00
8.773437655437341665e-01 4.160914506366777843e+00
2.381172886732921157e+00 2.915593036196169940e+00
1.561419033440818893e+00 5.937437676064380554e+00
9.598559438517615394e-01 4.380940315889924719e+00
8.752105062237646171e-01 3.662082120385191431e+00
1.948862326154327196e+00 6.059345304447689706e+00
7.005100453667179039e-01 4.130523354811091785e+00
2.561707390900688441e+00 3.866496292430992909e+00
1.760378979500718755e+00 3.360766152132020679e+00
1.942033442719821146e+00 4.264238433905711112e+00
2.815189038237916996e+00 1.029040026899252780e+00
1.913895288504436021e+00 2.891625743036391416e+00
4.035177038240557179e-01 5.842971307238424394e+00
1.133427636131710603e+00 3.088291499815428054e+00
1.262522317266025818e+00 1.132507989537593768e-01
1.707602463712996732e+00 5.123567898031419210e-01
1.673562594467333797e+00 2.114322966412912841e+00
1.675343365783810157e-01 3.708132558126359779e+00
1.586893815189902135e+00 2.479767472338789247e+00
2.058297745856684902e+00 2.487529163784335307e+00
1.682589537037273875e+00 3.154263133948445041e-01
1.667963037017902828e+00 4.715568717776931429e+00
2.235461177737518401e+00 2.435007415922979312e+00
1.567258202544631107e+00 1.432473300892243451e+00
5.098790699561732698e-01 1.605028399391754013e+00
