# best known angles for 36 measurement axes
# quantum error scale: 4.298258069028672
# polar angle, azimuthal angle
1.140220701267559145e+00 2.645293424937372517e+00
1.393653156298087836e+00 4.902010914512663575e+00
5.412592940765083016e-01 1.229595225278417470e+00
1.003094505543117521e+00 6.043235562829808671e+00
1.290515842630613585e+00 3.147809140878458312e+00
2.110892471540437576e+00 4.136891591338149432e+00
9.037641263234464928e-01 7.557497454649972912e-01
3.017027703020782603e-01 2.475897688248648087e+00
1.330768584619556716e+00 2.107187196163769816e+00
1.472378939846821222e+00 5.948485739730517530e+00
1.035776461450580221e+00 3.213412558114921769e+00
5.820419259287028524e-01 3.447112461614766588e+00
1.954539353718591999e+00 3.715483957961441597e+00
2.224127679505661703e+00 2.612589080776184236e+00
2.398360099774548893e+00 4.673925091776242269e+00
1.522719904073602804e+00 3.312439350272048166e+00
7.413044917069946393e-01 5.044678677351181584e+00
1.551161903026125666e+00 1.294063849970413127e+00
2.600698368019473072e+00 3.240718986843705629e+00
5.668094553565689031e-01 2.440670745801213570e+00
2.537933278751304811e-01 4.902505925477404602e+00
9.839660915929262508e-01 1.725799933191648261e+00
2.523283651067201316e-01 1.569447070973575054e+00
2.090497568014546115e+00 1.332711356682225068e+00
1.015171901019765732e+00 4.299614400367566813e-01
1.427554194038802571e+00 2.680423840124091406e+00
1.046138257730793830e+00 1.999465148840379625e+00
1.518056181483434131e+00 3.969027510577985418e-01
3.127945942448718597e+00 3.822524543164639521e+00
2.649671672502764252e+00 2.091504554972729579e+00
1.360989161033033135e+00 2.322277704354298311e-01
1.258007571672079328e+00 5.205212420676526008e+00
1.216982132984474108e+00 1.841237021053918399e+00
7.456660347063444050e-01 3.167247611102231630e+00
1.313429920818394159e+00 5.439306687949740038e+00
7.793143755216032087e-01 1.100243814894150907e+00
