# best known angles for 63 measurement axes
# quantum error scale: 6.82631775676376
# polar angle, azimuthal angle
1.541002337917990683e+00 4.508662579905670320e+00
1.891306107964070282e+00 3.230805367241676329e+00
3.356673553833525170e-01 6.484595609581516484e+00
8.003513337222392110e-01 3.861766493169132008e+00
8.951084996377132175e-01 1.642508853825997761e+00
1.008580265572167400e+00 -5.292319976069548293e-02
2.397042927662935252e+00 4.179890205236506340e+00
1.642730316686080050e+00 4.265683861288580125e+00
9.092196098364542234e-01 5.324981928529689768e+00
2.529845840256915501e+00 4.859235903959838510e+00
1.257884672189373276e+00 4.427811379036144857e+00
2.071598271002479397e+00 1.909303733608311404e+00
2.167757281996910645e+00 2.615551514965813951e+00
2.258298495711316356e+00 9.071008776174623867e-01
1.693002972683007812e+00 2.033549842980380440e+00
9.666844984173608157e-01 4.358855375578423619e+00
7.663933758917427230e-01 2.698271912910478854e+00
1.971252758551898854e+00 9.934803507930800581e-01
2.128012719379808626e+00 6.021419851858206052e+00
1.862766215769287248e+00 3.529192703584445034e-01
1.793062006520643514e+00 4.309739974316258326e+00
1.568257968163172755e+00 7.709840396401359541e-01
1.555490199740142465e+00 4.373859680918235071e+00
1.807358813379700724e+00 5.662776207079269319e+00
1.093183282583694460e+00 2.503454547799790042e+00
2.273888004382985883e+00 2.529571294117373359e+00
5.543590813168676190e-01 6.099326014077739444e+00
2.454106949203691102e+00 6.028167866359712690e-01
2.117015776492354728e+00 4.713175813025453742e+00
1.157551057786802007e+00 1.585858145563683097e+00
2.252119636835721472e+00 5.725477918693982815e+00
2.056440295946379671e+00 5.499176401331554942e+00
9.871702329894851413e-01 5.174962144509586359e+00
1.454704501409610495e+00 5.908102681832884784e+00
2.895639146589886970e+00 6.202953407452753698e-01
2.260458979988928974e+00 5.005500129093730877e+00
2.468242491208320288e+00 2.717749804714187256e+00
1.348183467057435303e+00 3.636885437547156652e+00
1.171645724515520959e+00 5.952429779774547569e+00
8.289729650458056431e-01 8.711967129624192951e-01
1.231588492344199093e+00 5.396216130021987745e+00
1.234481137509537252e+00 1.094448512494629489e+00
1.854452082638458510e+00 3.852615734463426644e+00
1.166181962190137922e+00 5.537276024021402954e+00
1.951347627352466141e+00 5.368066602899305373e+00
8.303698154541417908e-01 3.378938134004985994e+00
2.835495062154715917e+00 5.774694098420777522e+00
2.586027589954356998e+00 3.812140428795280034e+00
2.553078893914857428e+00 5.545459644832953394e+00
2.689582089001662624e+00 2.814977623986312683e+00
2.785771591897396871e+00 4.012257734329908176e-01
2.680567241080371144e+00 5.765774610637222963e+00
1.509597693034022692e+00 2.249901524238612449e+00
2.268795089589849656e+00 1.072600820046619052e+00
9.533152589854709813e-01 3.270960261448363049e+00
1.574500177538971313e+00 1.954678745844584675e+00
3.098873069758822485e+00 3.175465871865037926e+00
1.411665652316118846e+00 2.821688985579690723e+00
1.859960261569657769e+00 6.192294227648026395e-01
2.421676311557474093e-01 3.152799189075365938e+00
1.748160426514453691e+00 3.492051297755371930e+00
2.283179545575125147e+00 1.744135242895782367e+00
2.716774154494229432e+00 4.266796713418711029e+00
