# best known angles for 81 measurement axes
# quantum error scale: 8.267931771013968
# polar angle, azimuthal angle
9.561655720424072635e-01 5.528902658750151744e+00
1.668154905149106693e+00 8.401012139386802025e-01
1.112519890416628243e+00 4.512571044834574607e+00
1.618272109864484554e+00 2.892455977571354975e+00
1.727166512511757013e+00 2.020694962751965917e+00
5.974185561986683490e-01 3.181875829265014222e+00
1.129162603092726869e+00 2.295376471380467187e+00
2.400408032882009213e+00 1.104797236335097743e+00
3.528717121248222122e-01 7.060439410080792122e-01
6.624963378539429071e-01 5.604220174710276225e+00
5.421428782978882088e-01 5.661255535019891205e+00
2.483936577115866573e+00 3.062516800351379409e+00
2.755942779977615054e+00 1.619867484740627139e+00
2.730446826372666003e+00 4.488025501406952777e+00
2.283342978329812034e+00 2.652278604143576857e+00
2.727257496508725954e+00 1.332767718409782587e+00
1.095354402422690887e+00 8.753253475365561920e-02
1.959301012919435481e+00 1.759156879386861716e+00
3.098309991015503861e+00 3.113579221886911608e+00
6.642848207702501950e-01 1.850990347098176780e+00
1.977018093802018539e+00 3.533282804681469269e+00
1.337773456108987347e+00 2.751810797840152922e+00
1.519547161289849013e+00 3.297103867676214328e+00
5.660960122309869336e-01 2.998835598142730596e+00
8.976404159107695957e-01 4.629347127609153567e+00
7.783875894029423925e-02 1.982807928765461192e+00
1.455891323641172352e+00 2.767084020712460735e+00
7.499626836617214742e-01 1.147407533958486159e+00
1.854885824765702962e+00 5.141724661090417037e+00
1.206046598005271919e+00 5.130619136376271427e+00
8.753853433646717752e-01 1.348568449466438945e+00
9.617416060395352906e-01 2.178262521119596062e+00
6.747234954784271377e-01 5.708323623609731223e-01
1.019011524995952378e+00 6.142552437758642014e+00
1.116763201885134116e+00 1.412986883440271013e+00
1.825813377588146214e+00 4.455052649164475298e+00
4.787241736653005120e-01 4.976310755688361454e+00
3.175649822098068897e-01 2.346481571067882133e+00
1.019747738389742420e+00 3.948075326095056514e+00
2.809616419832480450e+00 2.275225653240220414e+00
2.633165492409134334e+00 3.429562812347416667e+00
1.655031600522894220e+00 -7.200313751642729854e-02
1.993764215265320994e+00 5.328387046616157363e+00
2.171743645216740237e+00 4.194651935553310729e+00
1.601579495003327525e+00 1.835832941792436834e+00
1.975912452650091522e+00 4.629347309499627916e-01
1.868978125440036386e+00 5.099166702022708275e-01
2.500029357782653783e+00 2.613306214154781149e+00
1.707286158979199886e+00 2.240934093927285264e+00
2.521404958098289573e+00 1.140115226639588641e+00
7.389014395097879273e-01 1.992572961076132021e+00
2.750186236641610549e+00 4.150936872918967957e+00
1.296299660750684257e+00 2.403904767746938287e+00
1.761701116904698772e+00 5.354969243261450407e-01
1.211227038808912360e+00 6.112541924303728891e+00
1.781702875104675954e+00 4.710551467421639771e+00
4.077904082005484043e-01 3.851795699607492907e+00
2.117054753547262802e+00 1.585190371444860746e+00
2.723408168685201414e+00 1.015961929940289776e+00
1.534527200698506899e+00 2.710629446914866847e+00
2.151807981740490927e+00 4.461933234338181897e+00
2.362700077223019335e+00 5.650201690541607924e+00
1.339809753581355123e+00 4.606740403365050973e+00
3.871992530073441463e-01 2.553048175321277924e+00
1.756195934390712088e+00 5.217362484833388159e+00
2.368449587110935450e+00 6.117416553281885605e+00
1.728152046577841938e+00 2.851455592568785224e+00
1.915092732376405982e+00 5.928254004594903925e+00
1.952444692451002606e+00 1.646021745685846582e+00
2.690678121209749474e+00 3.254862193264318915e+00
2.326044865139032414e+00 4.600224538076052028e+00
9.374495624450458475e-01 5.259908259223355032e+00
1.821303692067731017e+00 2.792499860921659138e+00
1.509035798915867810e+00 2.279477137132408515e+00
9.858838380693496495e-01 3.652318671223680813e+00
1.509004549337400691e+00 4.466679568157096991e-01
2.603610075181127304e+00 4.964312557813593152e+00
1.831126871708147696e+00 2.055597976584381481e+00
8.633984365534684846e-01 2.589724933569288456e+00
1.312066223727936576e+00 5.102738103634043121e+00
2.447624812791962423e+00 3.212585161709120563e+00
