# best known angles for 69 measurement axes
# quantum error scale: 7.163770421318509
# polar angle, azimuthal angle
1.995458637571249083e+00 7.248453136819105191e-01
2.524366452471609734e-01 5.726416336051094902e+00
2.344081882691371632e+00 5.774838119357770694e+00
1.210083530324962631e+00 2.708186528124279513e-01
2.741369286356762913e+00 1.258509657521412528e+00
2.138196866076054636e+00 7.277018427461225958e-01
2.097739319832451432e+00 4.129869550740624895e+00
1.844074227231874419e-01 3.633796871973309806e+00
2.051455553587989922e+00 1.868870843310842966e+00
1.411615963466249735e+00 4.231236741077985641e+00
1.673364050305066186e+00 3.706297140898701326e+00
1.292879893412676617e+00 4.814037185734115099e+00
6.724174219063544511e-01 6.045573783413256130e-01
2.546290066614371295e+00 3.090869671159785170e+00
1.388182481286188708e+00 3.702263715362453134e+00
1.343192233797969815e+00 5.518242692064870170e+00
1.787942414650083300e+00 8.432150638991853242e-01
1.202060534715152729e+00 5.090317111184826437e+00
2.238250753515480085e+00 5.482617635489723362e+00
1.785203917880322733e+00 1.566987389633154315e+00
2.742680509445099002e+00 5.950362629507086609e+00
6.953376340888455243e-01 8.023555142055134315e-01
2.265722426544026114e+00 5.626041430166427659e+00
2.236058918111722971e+00 1.614231793585363395e+00
1.754280226918827346e+00 5.111685608469588971e+00
8.565774534696508624e-01 3.832669584428878728e+00
2.754090115616268264e+00 1.974675038155052631e+00
4.250698688230482580e-01 2.524604686300961465e+00
1.381436433771322525e+00 1.574443494203817476e-02
1.712121772429530786e+00 9.654185466393253590e-01
2.384515552936566252e+00 5.220810751764855873e+00
1.632377027080847087e+00 5.053160785503783892e+00
1.626926158773880360e+00 5.917507278553687522e-01
2.612052079097346713e+00 1.335314898074049017e+00
2.316339151183032907e+00 2.974201500979727353e+00
1.664536528954384087e+00 2.386765517348989007e+00
1.247304918617692993e+00 5.707399598230681548e+00
2.148982537149461081e+00 4.238065899145450066e-01
2.343423721460880405e+00 4.782578029403458331e+00
1.167917432350715545e+00 2.130731500833981329e+00
2.336417047247991707e+00 3.879014493265652508e+00
1.266037907415887842e+00 3.133306604346485003e+00
2.459207573829170546e+00 3.553214964897182693e+00
1.543342259780133396e+00 3.452900143017699097e+00
1.118324823135543600e+00 2.403490666683758992e+00
8.659838114842417500e-01 1.785228160317348989e+00
2.508396311366767328e+00 1.177599305172859490e+00
1.274630893834485024e+00 2.381712106902544868e+00
1.608726300453031666e+00 5.475533404690293260e+00
2.939286202461341535e+00 5.402257524128896371e+00
2.363352539105588068e+00 2.023596106222786517e+00
5.437483663182332005e-01 4.937283714933932366e+00
1.426679348867381236e+00 1.371952658289022242e+00
3.653924108408065918e-01 5.857874603049610052e+00
1.824281400384798690e+00 9.737865289183508244e-01
2.336604143910762765e+00 4.217973893535264196e+00
1.655522878940921760e+00 5.356809149827459926e+00
1.012887955872717294e+00 5.636844710936914638e+00
2.101709735179072336e+00 2.357509230249850152e+00
1.427506782517396600e+00 1.840910929452909572e+00
2.044161440798204499e+00 8.382445602317790678e-01
2.918621704420503726e-01 2.610864421775160427e+00
1.383380790945919703e+00 2.108802108575634549e+00
6.667620432842878975e-01 2.722945342555290082e+00
8.259500394928304123e-01 9.155382432540892790e-01
1.687292080180672782e+00 4.250368204453028653e+00
2.849608073224278115e+00 1.407606498219584390e+00
3.495979554740333284e-01 5.475517567042536449e+00
1.125650311783842561e+00 2.754388697296792331e-03
