# best known angles for 84 measurement axes
# quantum error scale: 8.362786745584142
# polar angle, azimuthal angle
2.543321573521578394e+00 5.251723644336697028e+00
1.346704472411189402e+00 1.603334786942272938e+00
1.501424347996184849e+00 3.836664031058755420e+00
2.214808252468373873e+00 4.894127444876358091e+00
1.390462795346887770e+00 5.012320007230835373e+00
2.293906196992378632e+00 2.475021559878595401e+00
6.497489088686826397e-01 1.096604420448691192e-01
7.127134798480683209e-01 2.616884859593101353e+00
2.271976339744148365e+00 4.776257824037881683e+00
1.269892445968236361e+00 5.799490040135518498e+00
6.425683172606514448e-01 2.745380718551303723e+00
2.254487712948562983e+00 4.187418977696017564e+00
4.961638556917674636e-01 4.039283616833913904e+00
1.070933284953857090e+00 1.255497158771542887e+00
2.629417109560363119e+00 1.843623646951454864e+00
1.555256843425744107e+00 5.679352635754578493e+00
1.538976226437860806e+00 7.451672920392536925e-01
2.312880534097558005e+00 4.912845111718292301e+00
2.856233815938621134e+00 1.636757657898725515e+00
1.621669921678432491e+00 2.433587620161937526e+00
2.417380385747815108e+00 2.933242757254848954e+00
1.142263775809196913e+00 7.797769246767145557e-01
7.934337752843683145e-01 3.244319073081041171e+00
1.606916071606899088e+00 3.793443334849718074e+00
2.880988382303937723e+00 1.266752944619097709e+00
2.047488660347270617e+00 4.163002944195090649e+00
1.129365323898247508e+00 4.254916089710714111e+00
5.407740509173615262e-01 1.519067383604177035e+00
1.756455491848589512e+00 3.885486452201490359e-01
7.227201120111935440e-02 1.641443653710776385e+00
9.520669762291632532e-01 1.896791081708293358e-01
1.444834308506781850e+00 3.752237974207961013e+00
2.139432910363804563e+00 3.605504944106012299e+00
1.865830135163779380e+00 3.241798817304740954e+00
1.146110006606555709e+00 4.955698153533377059e+00
1.754212432865287274e+00 6.252652391052072822e+00
2.730838319286328808e+00 2.438012542603416044e+00
1.073594966271272710e+00 3.294204625029896416e+00
8.496683478933242384e-01 4.282185675473349384e+00
5.562992655926886076e-01 6.314798251559555986e+00
8.106100761944929900e-01 4.148008937285405651e+00
1.461566311829235687e+00 2.032175244702187911e+00
2.536454916666162074e+00 3.627464997539448177e+00
1.232845023802122242e+00 5.699040144692220089e+00
1.177296038296008485e+00 3.633235623462731212e+00
1.035053530765912777e+00 4.191195563783261413e+00
1.725859625824633925e+00 1.366625791935762058e+00
2.128380425890521899e+00 6.499494016519906658e-01
7.079340623624585938e-01 5.849297109925452709e+00
2.506825989816035438e+00 1.167295219114462546e+00
4.981059598290414336e-01 3.315544833658579993e+00
6.275644496576996412e-01 3.685204305929465463e+00
1.784503518109439524e+00 3.650219529755790671e+00
1.267072651040860531e+00 4.727964427352591592e+00
1.049471639064312400e+00 2.111919606868577048e+00
1.889268663083818467e+00 3.709803011493399527e+00
2.303574956187814937e+00 1.994079394351968126e+00
2.227519963836783301e+00 3.197663683723537709e+00
1.439410187833961352e+00 1.667273206143708775e+00
1.614301854811437620e+00 5.764809726673823853e+00
1.739697345519867211e+00 3.015750833125932506e-01
1.644564923658297984e+00 2.771970312293673189e+00
2.407053282496129487e+00 5.732729272444998525e-01
1.072729160234985102e+00 1.133124699591536944e+00
1.936132557616147887e+00 5.907104209321996091e-01
2.753567320023166953e+00 1.089902721772912697e+00
1.166486934202580761e+00 1.478125885361156300e+00
2.021014334436880944e+00 2.461181530680941199e-01
2.070393400993873811e+00 3.542471540016382203e+00
1.857974876048212209e+00 4.280239717039095559e+00
7.380538013875859171e-01 4.039122847363727509e+00
2.713748138194666648e+00 2.114871092703489275e+00
2.735139930113848816e+00 4.165125333606058078e+00
8.396675455660492782e-01 1.211891259111507607e-01
1.034805348558280880e+00 3.028886273110342309e+00
2.248688775637877058e+00 4.485133336728324593e+00
2.630966265369597323e+00 2.910388893114842723e+00
1.442285443491936325e+00 1.567618030838388909e+00
3.554236885117037503e-01 1.521831396512968171e-01
1.439053940606369597e+00 7.023930391793953287e-01
5.037094382926416980e-01 5.662515010242133329e+00
2.101286889452077311e+00 1.838531080208541724e+00
2.203031030891361208e+00 2.025293625566734423e+00
5.200153433955296833e-01 1.703533793420777487e+00
