# best known angles for 87 measurement axes
# quantum error scale: 8.662022784940143
# polar angle, azimuthal angle
1.551060953069018700e+00 1.258318699158871734e+00
1.641524966773752370e+00 2.619466597928480578e+00
2.611027547530988535e+00 7.038889417266359638e-01
2.895768279279264057e+00 6.199612273954571151e+00
1.248923231162909930e+00 2.705128309485824278e+00
2.235765149216816905e+00 5.392291701927439007e+00
1.426536251354681317e+00 3.098365280156177626e+00
1.412467100313649526e+00 5.469698175875272739e+00
1.461113649501141643e+00 1.577595468967411430e+00
1.065165613078148832e+00 5.976806418953863442e+00
1.104999959025651401e+00 1.230193858514673000e+00
2.337908149470871333e+00 2.618549929919608665e+00
2.294558932303582655e+00 2.345610193760992779e+00
1.832247298235891164e-01 2.811812403864216048e+00
1.317200930485376675e+00 4.070208700906786881e+00
2.731721973419853455e+00 4.918981296332737507e+00
2.097171665592614254e+00 2.198584677347172889e+00
1.776794882349057358e+00 6.011692639988196474e-01
2.287807786161908830e+00 4.009078122351678708e+00
1.581183495168384967e+00 1.052474568502796526e+00
5.529182234479323998e-01 7.210580594779705255e-01
3.941295933018816311e-01 4.170999523263401176e-01
2.120783453791279527e+00 3.863500120743807553e+00
1.981400759580815851e+00 6.004936243605113466e-01
1.661692442064246211e-01 3.507044098222764639e+00
1.394473308090517838e+00 4.329014580991539796e-01
1.293396872881622972e+00 6.040360607113306912e+00
1.294827546191473777e+00 2.356443310022657833e+00
2.225054021127481185e+00 5.051579750378221156e+00
9.526486810952936590e-01 2.353272746394354797e+00
1.147416991636601269e+00 1.657870993239983992e+00
1.870091365319980214e+00 4.234596118013548960e+00
1.178172905888088096e+00 1.445486078815841346e-01
3.024226462808590754e-01 5.673369698289597807e+00
1.972649024745930291e+00 1.224730529250672051e+00
1.423630947029398852e+00 9.120318120913851745e-01
1.448660998394308397e+00 3.414687217436960243e+00
2.351848797039976180e+00 3.197839012239189205e-01
7.642673925371940014e-01 3.043122976404875057e+00
2.316659644181379818e+00 1.390568715224000274e+00
2.547798289895843560e+00 1.766096915198819728e+00
1.363406691294005491e+00 1.023193328389975676e+00
8.406991618826283874e-01 4.226974101725229360e-01
1.092914363794992516e+00 1.331534639756223326e+00
3.896842643482746893e-01 2.057202405484069629e+00
2.702808511337526642e+00 5.426927891400282533e+00
5.688776610340509077e-01 5.061668423740576905e+00
7.449747092861659370e-01 4.437628265723692067e+00
2.022381509957041246e+00 -9.901197282357557944e-03
1.998502170749462126e+00 2.148201830765113840e+00
2.278442024165813873e+00 5.650663235860982958e+00
2.143194607078521052e+00 1.047864368218561992e+00
2.537839884623743991e+00 4.753453863287238512e+00
1.002770950236823388e+00 1.845096684878617443e+00
2.211571661317726978e+00 4.242247734440309337e+00
1.716543678115583615e+00 1.592918460622416710e+00
1.809585059734484469e+00 6.251570986207657832e+00
1.498735147221995190e+00 4.397048622304711607e+00
1.355741438202600735e+00 1.396154271076617936e+00
9.087901148366801518e-01 3.221639439853229092e+00
4.396128678852929128e-01 3.918237730373185457e+00
2.239612788709862468e+00 3.468598399967721679e+00
2.144340881468557836e+00 5.388828778008058151e+00
2.046606310663234840e+00 8.300316933634215300e-01
1.555509872214458467e+00 2.226509031923719739e+00
8.019288454642108377e-01 2.644988265734031341e+00
1.173191964503008888e+00 1.550934817506655961e+00
9.909918307472759258e-01 5.107994847651183612e+00
4.041659031454258311e-01 5.049850435689005934e+00
2.015393020040856076e+00 1.932991866376466472e+00
1.617879093145252911e+00 1.923111791912443858e+00
3.444962466589197581e-01 5.948355995206836333e+00
8.370515082688430031e-01 2.783522426573227904e+00
3.733345867822209785e-01 9.641036844607558942e-01
2.317430153411427218e-01 3.968088129784148155e+00
1.445761936900981315e+00 2.214420656821863620e+00
2.561031264369893812e+00 6.392610163376352794e+00
1.812770036780166238e+00 2.016533670199408768e+00
1.449488131773627897e+00 2.531961691917420598e+00
2.521170805964604078e+00 3.092409085412842540e+00
1.024336979384567137e+00 2.899399570503285783e+00
8.282075964743210728e-01 3.599855826624881683e+00
1.499583304790294003e+00 3.971184856404888386e+00
5.846561263962477550e-01 4.735634428795728823e+00
2.528040098669091407e+00 5.970360711078984473e+00
1.306981733152680292e+00 2.079947297739952905e+00
8.744638398017190450e-01 1.479396896596325339e+00
