# best known angles for 72 measurement axes
# quantum error scale: 7.4382567064604395
# polar angle, azimuthal angle
1.889180595538117569e+00 3.192458898880048856e+00
2.866171906368189859e+00 3.299212003971386142e+00
7.541095171900872307e-01 2.931085610967263833e+00
1.934839488939529506e+00 2.367045966039703853e+00
2.017814212984700539e+00 6.009131277069947430e+00
1.921267228388307657e+00 4.729464131821319306e+00
1.301499360284110951e+00 2.323480195351318223e+00
2.463444691883122761e+00 1.377005199724784301e+00
1.128763882764345139e+00 1.154324733877332365e+00
2.401964736331264394e+00 4.362299416405227781e+00
2.051489001901449782e+00 2.373998564446015092e+00
9.792484907580512044e-01 5.672405859587529298e-01
6.188426409595807476e-01 1.250669853800166209e-01
9.028818626928282187e-01 2.281517125529608503e+00
1.126250072582346329e+00 1.424204235804819918e+00
1.505964283642747814e+00 1.334317641409408506e-01
2.598784970745984690e+00 5.578363084255512305e+00
6.973547301894396089e-01 3.129221603936676033e+00
1.551281800060383631e+00 9.400099096513224728e-01
1.493229911014956501e+00 1.569102977695155499e+00
1.484202181227099793e+00 4.936915577851229031e+00
1.915563895235446346e+00 6.147313422768445612e+00
1.125191066016970609e+00 3.862874205825668650e+00
1.073539448137559527e+00 6.399062396369458172e-01
1.764308690790379552e+00 5.550219997066188071e+00
1.192830944135914395e+00 2.575938922896257033e+00
2.010089798569810515e+00 4.820081545862372252e+00
1.972012491211204921e+00 4.429366687502738209e+00
2.346991347218411406e+00 2.901440364751748824e+00
8.653634122234411530e-01 2.839822745902721213e+00
1.157750020488254039e+00 3.494660664600351407e-01
8.433751425882329844e-01 3.409521555084965794e+00
1.768815569604904603e+00 4.221605819630389611e+00
9.300157210518237294e-01 1.919339158086234232e+00
1.354041165365150734e+00 6.906342413707154959e-01
1.485920988648935070e+00 6.937388828002952756e-01
2.158747821440616832e+00 3.112667358673639750e-01
1.638432110258583485e+00 3.734316596252196807e-01
2.040155061189149244e+00 2.637743838151353160e+00
3.083995179625982352e+00 6.361778739442153885e+00
2.963340647784000192e-01 3.334490166593963689e+00
1.807978072698209093e+00 2.730023018296616755e+00
3.795569055856936047e-01 4.100059355659655402e+00
2.120775219633860953e+00 5.512581238202582057e+00
1.692049829598385680e+00 2.748429260269598107e+00
9.921064755329354057e-01 4.243628377981293553e+00
2.753543817397651750e-01 1.077225329565779433e+00
1.144982953654583024e+00 8.762991097057712953e-01
2.760728514550917723e+00 1.642679295361816783e+00
2.384407452723888543e+00 9.830293653350330452e-01
8.977441595012758402e-01 2.670912807569882030e+00
1.874155879635245547e+00 3.069709190378722585e+00
5.543399926112223541e-01 5.943701894900763172e+00
1.334774703195615198e+00 3.531974581033508809e+00
1.878084976446368959e+00 5.593382108411939058e+00
8.796450065844593214e-01 5.233218789641186142e+00
2.684498613743119488e+00 1.877346769260956671e+00
2.026124959170211515e+00 3.036468803348853496e-01
1.553011891274486800e+00 4.756538589272432116e-01
2.254417123378130494e+00 7.781613666875686341e-01
2.484906034323279389e+00 1.594305941835509000e+00
6.682077052158559294e-01 6.029927342767482656e+00
1.059128899877973096e+00 1.264145541924324379e+00
3.679893333255169763e-01 5.189342659600983509e+00
1.128186170645558262e+00 4.864303854517567416e+00
1.637125052283497251e+00 1.017707326859003114e+00
8.231631815538308361e-01 1.941799637089209218e+00
2.644033776928893076e+00 3.317482548297052691e+00
8.603312416680154451e-01 7.419439375721631480e-02
1.247306574018393066e+00 5.124559579605423743e+00
1.879328941236444672e+00 2.983926099289887501e-01
1.453372678797039796e+00 3.608123917393143643e+00
