# best known angles for 57 measurement axes
# quantum error scale: 6.26363131075435
# polar angle, azimuthal angle
8.711776449957309154e-01 2.214324896063319503e+00
4.813621490467811515e-01 3.289450920471979511e+00
1.244427311428331961e+00 6.084225989190451322e+00
2.373579521645615920e+00 6.699087588957173267e-01
2.513368342519459286e+00 3.185116270262993154e+00
2.146607509378760881e+00 -2.013852953270201668e-02
2.855782560810250281e+00 4.074045896587512594e+00
1.073753414083663316e+00 4.162792310240692295e+00
2.539541199924413739e+00 4.021584094123119790e+00
1.708587461665811436e+00 6.001798358096833930e+00
1.815648907395631229e+00 4.867829316628121461e+00
2.476281465566817719e+00 2.296057858790778727e+00
9.208341141216556114e-01 9.375811941587915976e-01
1.196047951175655211e+00 5.017122335567592017e+00
8.209514212921401599e-01 1.544443952637857942e+00
2.510428219371451330e+00 3.462680136479026949e+00
1.225763851103664592e+00 1.177879089679371161e+00
1.817506218261238926e+00 3.438252487492707399e+00
2.025477036048569435e+00 1.351681475181525371e+00
3.503505633457035251e-01 3.117149119374357458e+00
2.249639644632376090e+00 6.127091611284138928e+00
1.149003575416931211e+00 3.166016084516914741e+00
2.368743085668562287e+00 2.092838361834811867e+00
1.826011701533252207e+00 6.188676669382091156e+00
1.195088322936272540e+00 2.225995380823885927e+00
1.356661011297722208e+00 4.971242939952484008e+00
1.549347497480643376e+00 5.962422506232233133e+00
1.209020814451496673e+00 3.643929993166593828e+00
1.380138884937040622e+00 2.185791393752113176e+00
1.770256040475571169e+00 2.852664434894046863e+00
2.172760113039993168e+00 1.450176873988471504e+00
2.325210566265673240e+00 4.907141484773961615e+00
2.530019787360451744e+00 2.024347417114371162e+00
9.119696549235302152e-01 6.116405726602146764e+00
1.650941526232917456e+00 4.548864774347671336e+00
2.646158856981366991e+00 3.345297412516714974e+00
1.743617956468025421e-01 2.924417300723644253e+00
2.671169612540393867e+00 1.872295630738985528e+00
1.880297733087969547e+00 6.646771186914660623e-01
1.539141467788238682e+00 4.683731501506773753e+00
2.038338731643285939e+00 4.662081168845301882e+00
4.934436510860846226e-01 2.963305594309440405e+00
1.778478519408962510e+00 6.556287594453886314e+00
1.535935773253750636e+00 2.214117622452024481e+00
1.938106414236343555e+00 2.780206308694739281e+00
1.035187617315528996e+00 4.987161492010870667e+00
7.505764366464187098e-01 6.171867532216550600e+00
1.134142173598417846e+00 5.605989931492810108e+00
1.053628978918992543e+00 3.967579340531804721e+00
1.330450570944188726e+00 1.316155818250103859e+00
1.493044108178015028e+00 2.072303032694050362e+00
7.902725063970269526e-01 1.321150635953434627e+00
1.383811603981877525e+00 4.730577619916562782e+00
2.156259975911895665e+00 2.412369242222999421e+00
1.797517824717486390e-01 5.009651211345198973e+00
2.510967830268872270e+00 4.289564590377853648e+00
6.479058435465586685e-01 4.542938310744309760e+00
