# best known angles for 21 measurement axes
# quantum error scale: 2.692714872762052
# polar angle, azimuthal angle
9.773888919657450769e-01 3.894743230413591384e+00
1.334030216556824078e+00 1.257830626773914995e+00
2.332645900696510122e+00 1.771550157375261780e-01
2.193331144928862386e+00 2.442791813709391135e+00
2.269901084331909402e+00 3.548827966628102182e+00
9.539266468484056682e-01 4.438392757070094952e+00
1.352107569173291779e+00 3.648759086944135976e+00
2.699254877992172119e+00 6.150373145888416992e+00
5.438075444766184985e-01 6.064680773885996246e+00
9.680677236752960324e-01 6.113422207140112974e+00
2.637544088613819948e+00 7.630707729823510421e-01
1.413171692671488122e+00 5.389874327593872749e+00
2.249398469101210107e+00 5.820903932110425671e+00
1.733542104687351149e+00 1.434235232296039664e+00
1.776560695406404378e+00 1.029185594012514970e+00
2.166857202468091881e+00 4.671649042116286843e+00
9.213821766180348982e-01 1.018219479609163036e+00
4.630246819818978343e-01 6.281638219380895061e-01
-3.077640627142008006e-02 2.232574922387385641e+00
1.287563769571437478e+00 2.412376512786229998e+00
2.174476743019114533e+00 5.281879970990789985e+00
