# best known angles for 27 measurement axes
# quantum error scale: 3.3690224520130787
# polar angle, azimuthal angle
2.268531093872633964e+00 3.786078281468136630e+00
1.597852155505029126e+00 9.480717871309981559e-01
1.582553732105949296e+00 1.552930175278415925e+00
1.373327822091992889e+00 4.341681296284900959e+00
3.421294926533586245e-01 1.539826809801954521e+00
1.109312211061999065e+00 5.188760711509383228e+00
7.705501237474911003e-01 5.392737397956446799e+00
1.676664014495359067e+00 6.125731056781795303e+00
1.142370955521756715e+00 4.068912065917307253e+00
1.695134809561259281e+00 1.884470667064953586e+00
1.605448191695973525e+00 3.693727383915562434e+00
2.430210436044059730e+00 3.317271222256088503e+00
5.677746192087322896e-01 7.485633301216020330e-01
1.194241268139756507e+00 3.144059105845927515e+00
2.191786382023913848e+00 3.037655749182590625e+00
2.313285279523445315e+00 7.967396992277548939e-01
2.559261837176305843e+00 1.201449932307755430e+00
1.482239647578430741e+00 1.248850833031554419e+00
9.411825458994635962e-01 4.371681530161996676e+00
1.163442979799810040e+00 2.772798009136893782e+00
2.401051621587591889e+00 5.251398892692469289e+00
2.206676954332715379e+00 4.802749884491584353e+00
3.418113765366562196e-01 2.470439422763379245e+00
2.423163903875900527e+00 2.797524046146112831e+00
1.008058248168903104e+00 5.700464366396965410e+00
1.010299914168020896e+00 2.398161031905402751e+00
2.096068374009626201e+00 5.139594246590330151e+00
