# best known angles for 33 measurement axes
# quantum error scale: 4.041720963630722
# polar angle, azimuthal angle
1.724622915890020869e-01 1.881832945370645938e+00
1.109690960293580275e+00 1.849741675379263484e+00
9.397153035195516813e-01 1.134529006898495673e+00
2.155743306435253359e+00 8.948575630754259658e-01
2.229054731961035873e+00 2.028102746222153474e+00
8.519506905262483887e-01 1.963179382673794660e+00
7.207519847888913533e-01 2.349365484342187393e+00
6.374421796048655997e-01 5.070437889593906178e+00
1.368198223518507284e+00 3.462453069854731336e+00
1.946103813556077089e+00 2.140698047235535029e+00
8.762200837664109176e-01 3.320515786322891572e+00
1.454684673958566821e+00 3.058989741950330910e+00
9.904842913535897297e-01 2.229821480013637114e+00
1.735602670983703300e-01 4.470119850878421452e+00
4.675575205214225205e-01 2.309428783425369502e+00
1.753636570917949999e+00 3.044039208114372119e+00
2.135989269391539658e+00 3.965254389707862703e+00
1.703241767222712699e+00 4.454471821216496430e+00
1.560643969542602427e+00 1.092871154513430643e+00
2.269593716491360880e+00 1.693753538654993118e+00
2.729869342431454626e+00 9.039336495106261582e-01
8.463533219896997029e-01 1.244657345063584913e-01
1.143077557067181171e+00 4.990630453022853352e+00
1.119330011780129475e+00 1.381321022190155734e+00
2.736520759841365003e+00 2.236807178879896441e+00
1.939578013137698065e+00 1.539316012169783088e+00
1.568240043772097136e+00 3.616487282117138324e+00
2.389564014123040092e+00 3.953040594822132991e+00
2.020106928943684821e+00 3.011407931670600391e+00
1.474174645104951997e+00 1.856525855884888943e+00
1.645073800232992989e+00 1.638673007096251855e+00
1.781110579817259287e+00 2.368423390587524047e+00
9.280717437814102189e-01 2.929176701297123042e+00
