# best known angles for 42 measurement axes
# quantum error scale: 4.8306930205090035
# polar angle, azimuthal angle
2.031928055362101304e+00 5.765153085431619751e+00
2.883965026480420857e+00 5.049658275989331813e+00
9.847896411485022039e-01 1.830379766577047596e+00
2.905802155730458303e+00 2.739946857127375512e+00
-1.864100973123112015e-01 3.952915378209304276e+00
1.032825955018848108e+00 7.639671297883166012e-01
1.357038371230657070e+00 2.523787272166616802e+00
1.443842743257730321e+00 4.772468595360739307e+00
1.486530262178409112e+00 1.703410670762800727e+00
2.017594186146493662e+00 7.524984993545028589e-01
1.580494651100168513e+00 4.639622779325915047e+00
2.071346168324334158e+00 1.980960437118385542e+00
1.139047438318076422e+00 2.960587004694000157e+00
1.145439945713987662e+00 3.262689921021197481e+00
2.016556335028313551e+00 9.880291261007682069e-01
1.365013319170042871e+00 5.738260022128219617e+00
2.197575580212959068e+00 8.316486960683022733e-01
2.613894742845603414e+00 5.795650728688821474e-01
9.642033121742292767e-01 3.719527246518460117e+00
2.028699011743068770e+00 2.241098510598221960e+00
2.207240910416771840e+00 5.203442026930019004e+00
1.648378472587042287e+00 3.416839977671090711e+00
1.592766365057340927e+00 5.644685459466053601e+00
2.726795885777413719e+00 5.466492887181543914e+00
8.110184670997786505e-01 6.526223083886075749e-01
1.370274529149507980e+00 1.049244083044626130e+00
1.343798489984546540e+00 1.367225527930348294e-01
2.355647977792393988e+00 5.028503990107650701e+00
1.460596778785003602e+00 2.325372476736016214e+00
1.551875695719705739e+00 4.215503015757124494e+00
9.561612584604677334e-01 4.928343300206621258e+00
8.685361453072449889e-01 5.150207580855528988e+00
3.576550178048141793e-01 3.471263475366884510e+00
1.100027783955757732e+00 1.580643419491288171e+00
9.741984359127491278e-01 2.857234556898541111e+00
1.540672460905337271e+00 5.296563388521495774e+00
1.852049030261484264e+00 3.526562655705316462e+00
2.158023997693438112e+00 6.253712048112020305e+00
8.393397800837228973e-01 9.134812932358477022e-01
1.933689377845563717e+00 3.740494157398344566e+00
7.339408235124941227e-01 4.842295487068755122e+00
2.636022259567775694e-01 4.939429452360021955e+00
