# best known angles for 48 measurement axes
# quantum error scale: 5.490111323875986
# polar angle, azimuthal angle
2.833205868719315568e+00 2.785184701036952593e+00
1.551508465216078214e+00 4.360412218139997798e+00
2.385142834083116004e+00 1.308115745001836805e+00
1.730360345035625969e+00 1.736984238823355398e+00
2.048153862014246318e+00 3.082574676860263985e+00
1.294969435322252282e+00 8.918326578211430711e-01
1.080025849399019799e+00 3.814447083418408546e+00
2.518155115327574745e+00 4.700532133833310588e+00
1.995559418456586798e+00 5.080887597653013232e-01
2.484574945777969113e+00 2.432137114577697989e+00
1.753689764632774040e+00 1.210762918361661722e+00
1.135251422358300788e+00 5.346837393923756565e+00
2.108022655394631073e+00 2.378457140662193936e+00
1.977637764255184560e+00 3.611262440407830621e+00
1.283853103522456962e+00 3.809745707744115251e+00
2.305065816660564870e+00 3.418717058710406320e+00
1.976339004591249671e+00 2.006363165302254892e+00
4.016026023930656108e-01 4.072622147076484289e+00
1.786420417755599788e+00 4.924305086408578447e+00
2.023311589770379726e+00 6.137614946554009521e+00
2.097049527673660929e+00 3.742277224610804698e+00
1.946830464359932122e+00 5.700181088020841003e+00
1.458381807769986382e+00 6.123167272256280214e+00
2.280947061095193629e+00 2.145601879937023559e-01
1.071094083008751419e+00 6.021811275658097706e+00
1.309886145116999856e+00 2.930315018855514264e+00
1.308269608974563125e+00 4.670698186362527871e+00
1.467832889805171792e+00 4.172249241259867070e+00
1.065435698827967181e+00 1.516118902622003883e+00
2.158874240680038470e-01 4.302319561394805980e+00
1.849187117342941944e+00 5.515252716550054224e+00
1.568223804895211293e+00 3.561694852819478285e+00
2.746679872002591782e+00 1.428403186772025268e+00
1.392741768493959365e+00 7.332730573088116488e-01
2.151525233771546475e+00 1.695342855185649977e+00
5.841219118810664357e-01 1.853423865402703319e+00
7.640126745495278149e-01 3.535561683717385328e+00
1.715660314724630542e+00 5.098676081369851509e+00
1.936932318481722648e+00 3.813530990645030094e+00
1.495994050105072803e+00 2.936652628136058318e+00
1.358205170742458945e+00 2.561540666152862133e+00
2.857932911826385869e+00 4.474016872404301459e+00
9.542387773383694816e-01 3.593969129801762641e+00
2.128262316329400106e-01 2.034068886388704644e+00
4.236020393891609115e-01 1.649056825037375829e+00
2.844511048497331718e+00 5.927839570870227170e+00
1.614945036297464664e+00 4.963563640118809239e+00
1.200389551164344981e+00 1.656430180315510814e+00
