# best known angles for 75 measurement axes
# quantum error scale: 7.77020569052572
# polar angle, azimuthal angle
1.326503076286635885e+00 2.356064175845916431e+00
2.103585588600628942e+00 8.846367812820125076e-01
4.553398680047844871e-01 4.579130557552133496e-01
5.917483344989483696e-01 5.629781590472850539e+00
4.682943335898701598e-01 5.589424639205435419e+00
2.379051793545290838e+00 2.797444635232022137e+00
2.581976659616502356e+00 1.799659456079086395e+00
2.691929575705060529e+00 4.466291084697781244e+00
2.246381090139606407e+00 2.802579274750498950e+00
2.769720684776311170e+00 1.470293652231881465e+00
1.042444821338130323e+00 4.733887240116591011e-02
1.975884675273763991e+00 1.526650738749126823e+00
3.025341865379496120e+00 2.991269775388624819e+00
8.396171280146207394e-01 1.840050902322758919e+00
1.810007686474755850e+00 3.548620804486187996e+00
1.359758949717674970e+00 2.736953463896516059e+00
1.454991740149555124e+00 3.226287329913820834e+00
6.705183621057743126e-01 2.812159666807847458e+00
1.104963587453893226e+00 4.551408755270184514e+00
1.401312950689116710e-01 1.997354955007412558e+00
1.333923408193792293e+00 2.856851152768111746e+00
5.197267565766481301e-01 1.174063532787366082e+00
1.756365368014131789e+00 5.100063275358336590e+00
1.154917735645557331e+00 5.215684902746883900e+00
9.136883386520616712e-01 1.342728522025447013e+00
1.086263895878267327e+00 2.212045651431882920e+00
7.057615612162733143e-01 5.539496292068405436e-01
8.168431147635597522e-01 6.233257439900206975e+00
1.008308373498423949e+00 1.457276615333557013e+00
1.830211152190751589e+00 4.518775428162647323e+00
6.778701207844802790e-01 4.916363076089782957e+00
4.180564141917113563e-01 2.288899965335727149e+00
1.144896906563289907e+00 3.953437148400061218e+00
2.909939174537742090e+00 2.204905604570179811e+00
2.783705214936681216e+00 3.554588405771279547e+00
1.582739905765724764e+00 2.386591181232455838e-02
1.820186538667191600e+00 5.378530782766223872e+00
2.135952275982550663e+00 4.124822434629233037e+00
1.651829603842816852e+00 1.936488013605452307e+00
1.944563748196469266e+00 3.879397452799620005e-01
1.845896978702197266e+00 4.356407071105173889e-01
2.626146689886442065e+00 2.657127418683672193e+00
1.709682098891289082e+00 2.331508235456357880e+00
2.534737777879552123e+00 1.200896613503283694e+00
8.052468804816818038e-01 2.152737454950503171e+00
2.734502247683136655e+00 4.140168405204475377e+00
1.369354984430304345e+00 2.474919392549354225e+00
1.771321869557336059e+00 5.249439207095711879e-01
1.224443882491393243e+00 6.162206686805803635e+00
1.729267033167494638e+00 4.579976309511344823e+00
4.663283755623195970e-01 3.974472843272262690e+00
1.918010071722961785e+00 1.428820690002670091e+00
2.607114891964196435e+00 1.036925331643675285e+00
1.627833253399611380e+00 2.781014972759133563e+00
2.070956372577377635e+00 4.266596025282588300e+00
2.132940818381870773e+00 5.639546827857159883e+00
1.386145083413374390e+00 4.753412679328060442e+00
4.999215901955244568e-01 2.476818324974916496e+00
1.599869892544803607e+00 5.307971917900002445e+00
2.394697115300890911e+00 6.074796579532278251e+00
1.712414551586701084e+00 2.992848848995685707e+00
1.995648367240187238e+00 5.995687080881305420e+00
1.865927193977707788e+00 1.547411755269739064e+00
2.786039972986613655e+00 3.009062210711817453e+00
2.232357261351733069e+00 4.646167336751577004e+00
9.009936202644917014e-01 5.307572472866126212e+00
1.868553941216813508e+00 2.761008782348715940e+00
1.558444024166770303e+00 2.565418435507568873e+00
9.533380057628098037e-01 3.577238976134531789e+00
1.591304235218425900e+00 3.910580038208317788e-01
2.416092213316448412e+00 4.910616384234487874e+00
1.797295942677881619e+00 2.237848150535995728e+00
1.003698486043752780e+00 2.618450507028461161e+00
1.333143405618811617e+00 5.264335771738117842e+00
2.559421247802883048e+00 3.172446469773305022e+00
