# best known angles for 45 measurement axes
# quantum error scale: 5.221222491170164
# polar angle, azimuthal angle
2.927009463744713269e+00 4.205639500446112677e+00
2.161485613783038495e+00 3.504576197390225190e+00
1.082989688221441149e+00 3.130492973384874311e+00
1.096259686874349715e+00 2.603043896258808498e+00
2.456642701115957284e+00 1.755755736712165671e+00
1.537505254612014260e+00 4.889738088233727353e+00
1.775224897205815999e+00 5.158021826006505606e+00
2.044707136175726525e+00 5.537929759789087747e+00
3.207558156577296482e-01 3.393673678619129608e-01
1.042454423916152617e+00 5.292127602148308796e+00
1.725000612300332969e+00 3.485952267168985763e+00
2.307142832268683996e+00 1.229023556335919087e+00
2.366993778083175126e+00 1.486816961710268448e+00
2.396052899767544542e+00 7.335649230720709957e-01
1.555808763163554209e+00 2.377641033704907425e+00
1.138165581637037516e+00 1.362773756128521363e+00
4.235361734737518730e-02 2.241794115344708960e+00
4.919866834391322108e-01 3.526809094566370817e+00
2.234003841413692015e+00 4.126163919873802932e+00
1.680263724452087493e+00 4.301873336783248902e+00
1.267854430386220699e+00 1.218686643726410113e+00
8.957446226458581906e-01 2.662774252672587494e+00
6.425557663647585294e-01 1.790498307583617832e+00
1.721202120867987517e+00 3.675349905549463170e+00
2.043559338509657763e+00 4.811741852114018725e-01
2.797612306873402677e+00 7.235012660218017588e-01
1.836451953764173695e+00 2.938494249297453065e-01
1.318031440515099462e+00 4.237759930468206981e+00
1.186663126838294113e+00 3.822435356766880066e+00
2.756971270166360899e+00 2.945427653832268788e+00
2.979718708861029519e+00 2.958448906331681894e+00
1.807672459940832255e+00 1.822355219104567103e+00
1.981352770047410061e+00 1.501980804348648002e+00
1.936015608824769751e+00 5.309266884315206880e+00
1.450973429044171814e+00 6.182342109298087252e+00
2.670989339610382540e+00 5.758308202329883940e+00
2.017736326267120628e+00 1.693044556711492898e+00
1.143075091753786188e+00 3.345882351871557248e+00
2.514491176321307364e+00 2.072681722950831862e+00
1.279275066505769942e+00 3.212414298197361351e+00
1.230084408321091116e+00 1.939827003419264839e+00
5.963995344826305001e-01 5.934965542493378265e+00
1.737186287616097724e+00 2.446642550102756442e+00
1.444769867246911810e+00 1.599131229749055638e+00
3.547011092055165071e-01 4.407593853600585199e+00
