# best known angles for 90 measurement axes
# quantum error scale: 8.881995454843802
# polar angle, azimuthal angle
2.297327264856505291e+00 4.412866646918019775e+00
1.277406303362089046e+00 1.083705924842489399e+00
2.430144315049004522e+00 6.147706441342396744e+00
5.987605563918455553e-01 1.619062556224555971e+00
1.406938668865772790e+00 2.639742650895460674e+00
2.379460346084217193e+00 4.500255472326168515e+00
8.431826871335958984e-01 5.520819855572340451e+00
1.991801441965311392e+00 1.652184875721780744e+00
2.534774433151842032e+00 3.479434044119871672e+00
1.536092081640224816e+00 5.397104644468056378e+00
2.118989965656838059e+00 5.003883415394041911e+00
1.488471865522403847e+00 5.590819345404678842e+00
1.199935009227306226e+00 2.156309351395644391e+00
1.972994479184324579e+00 4.026362514698038630e+00
6.297721875999758856e-01 6.086294103736214822e+00
1.203016578056931962e+00 5.790339588910624613e+00
4.886366601377704622e-01 2.645851959177157653e+00
2.336424506336518547e+00 3.403321076846925308e+00
1.849563971825774811e+00 3.168222549713361591e+00
1.467021321562879121e+00 3.752672751165091025e+00
1.876118237012950551e+00 4.137949665815961464e-01
1.851009932679747783e+00 4.429660536133600779e+00
1.241844783152335818e+00 6.033667117038818972e+00
4.714250544189577119e-01 1.072422665122042762e+00
3.048519808723601177e+00 4.771794361361004100e+00
1.635691920755824036e+00 7.047398661826586030e-01
1.352586459399413910e+00 3.579729715091773290e+00
2.421514565833000177e+00 1.066330244152045026e+00
2.331157633423813991e+00 1.459614646562092388e-01
1.392514246270609712e+00 2.760374057851695984e+00
5.944345244254694016e-01 2.323024001221421386e+00
2.086597422172054905e+00 3.596795879053821920e+00
1.928856939415144245e+00 3.114258648191029266e+00
8.028948810046871998e-01 5.804526985226567959e+00
1.339612095010585202e+00 5.060302474276832996e+00
2.124075861271673471e+00 4.746160898596220257e+00
1.573764058210541883e+00 4.698118703738712654e+00
2.249776880706200188e+00 2.628798060908231982e+00
2.446783251059063247e+00 5.811705229757817115e+00
9.708189596296910029e-01 6.372548756183156193e-01
2.935113311204235576e+00 6.804924434642507791e-02
2.163063441470032711e+00 2.179505601772322443e+00
8.778867251288801077e-01 6.438071943574897871e-01
1.311426514747753069e+00 2.828200758152990879e+00
1.265827749679751646e+00 1.188530343711089898e+00
9.141293918243864614e-01 2.332566213848583092e-02
2.230493319714403899e+00 2.289364778208426987e+00
2.515376075147246038e+00 9.560197830443418754e-01
1.150536812351537819e+00 7.754006020403710897e-01
2.548520004047400977e+00 1.900593709737932846e+00
7.304321178849265683e-01 2.537925074928468305e+00
2.171789379720098001e+00 1.772939784620373604e+00
9.772554385202609772e-01 9.153628944660359146e-01
2.712435846227348790e+00 1.669061742900964873e+00
1.323145416650350459e+00 1.429884100308160544e-01
1.972867857445290474e+00 5.402467988734224846e+00
5.668265689545352037e-01 3.533985909333034581e+00
2.580517371199145149e+00 4.219788688676696431e+00
1.889490241800846793e+00 1.973752517721208966e+00
1.031834974406502292e+00 2.706805396789423668e+00
1.647911367715886310e+00 9.127292562801421205e-01
2.522691086146938488e+00 2.069266387279519392e+00
1.396873651724076071e+00 2.976190796024502205e+00
1.448892395854385118e+00 5.071903315320136052e+00
1.178136976774579736e+00 5.591340963651863838e+00
1.312907920213643775e+00 3.477099491712956070e+00
2.942254092201805449e+00 5.893144653536487532e+00
2.603035694474279182e+00 5.617957322239650608e+00
1.504886134702548617e+00 4.996315422287220365e+00
3.189997954170328276e-01 1.493251389413829733e+00
1.923187719372497329e+00 5.199631625162466797e+00
2.090133692752281558e+00 4.892015966293116414e+00
1.940331316156846286e+00 2.043354999357465118e-01
2.114396997479152329e+00 7.815016988387075703e-01
1.268927841745683960e+00 3.770746505390359715e+00
1.971578886040579626e+00 3.809157777374955423e+00
1.201196504664383991e+00 3.027833807449360037e+00
8.857085550804686402e-01 4.966855898102973121e+00
1.466482968742429005e+00 1.157439601905557280e+00
8.206918783731724787e-01 1.939688822655757372e+00
1.409667972424710758e+00 4.989093768633495074e+00
1.386006642576443237e+00 2.031996403315030175e+00
2.140878727535119985e+00 1.637864307509817041e-01
1.062902651980452085e+00 4.861002145761710302e+00
1.655199051694815404e+00 4.472041568921668819e+00
1.567471525027112955e+00 4.494264503229961960e+00
1.463830277944121239e+00 1.051368471460343734e+00
9.163298819582503807e-01 3.034571519213534074e+00
8.971074980065069093e-01 2.760938738196378472e-01
1.104363928087208402e+00 2.336427986181878413e+00
