# best known angles for 30 measurement axes
# quantum error scale: 3.717250837634962
# polar angle, azimuthal angle
8.790148292260738794e-01 1.104182988731988280e+00
1.477831521748504962e+00 1.055987384190255396e+00
1.261943117222444455e+00 2.015845595487902209e+00
1.885845502959443198e+00 5.818645520725746145e+00
2.513463972698720017e+00 1.427915896484208913e+00
2.139565212956306528e+00 5.707693555732321400e+00
4.142568414329672599e-01 3.197251032852900798e-01
7.794423640037959067e-02 5.978979081049226707e+00
1.457716473076433816e+00 3.627412163172389459e+00
1.180348314842077473e+00 2.343897450127428339e+00
1.449389094811870615e+00 2.241646094152027313e+00
2.198918267598370502e+00 2.269224465751304987e-01
2.116385412773659880e+00 2.139429100457135746e+00
1.445892953227621680e+00 7.324712540366792313e-01
1.672353127977895815e+00 6.044303774236657212e+00
1.573061850848036514e+00 5.043140408069909597e+00
1.283194737232524085e+00 5.086934542789085967e+00
2.886339509093638789e+00 6.236363990856992778e+00
1.519463186623810635e+00 4.470853560642459534e+00
2.227014965817946113e+00 1.326314291903421649e+00
1.215054600538092444e+00 3.065902584501622119e+00
8.241776089396490868e-01 3.840896046641181893e+00
2.086905604382208512e+00 9.565081326243701776e-01
1.714154616784882013e+00 1.632507541410185281e+00
1.376349691755459625e+00 6.194179186804339210e+00
1.929637008822262523e+00 4.068295519115556758e+00
2.464332155647924516e+00 2.157365043603881372e+00
1.487495074241783399e+00 3.222529753895412519e+00
2.414882297102425746e+00 3.340383078049868892e+00
1.932274218843155866e+00 3.226689389693552790e-01
