# best known angles for 24 measurement axes
# quantum error scale: 2.986346632869807
# polar angle, azimuthal angle
1.618905346221049202e+00 4.739654094183975097e+00
5.354991941784740250e-01 4.004465178234072553e+00
2.016788778964829998e+00 2.189736428651442690e+00
9.138962185592085508e-01 4.336771659399965451e+00
1.583855459389889919e+00 5.655643202800231251e+00
4.552313438414414826e-01 1.962047369103302685e+00
2.195918691042189619e-01 3.230425710770663983e+00
1.272081655235874686e+00 6.251621886072507905e+00
2.231996865446930212e+00 5.003314017348849951e+00
2.961615669202453560e+00 4.047403071327480895e+00
1.255932635512799544e+00 3.689039289582536796e+00
1.631551882732205971e+00 4.385552968572745236e+00
1.352962748544823901e+00 5.893595171640712671e+00
2.186459016541888456e-01 5.036889188912176074e+00
1.850784134933927572e+00 1.404268040590352262e+00
7.691090029961836771e-01 2.340787594054592802e+00
1.023582030554960332e+00 2.814377750674130763e+00
2.703910408335596482e+00 2.930584162878963728e+00
1.871533387982339258e+00 9.850294004277445614e-01
2.200838306301079683e+00 7.767865150210204739e-01
1.174095487179663388e+00 3.225503916638589263e+00
2.033616913568212503e+00 4.582518656982281335e+00
1.775090335556711363e+00 1.837240624568658998e+00
1.510550427292536524e+00 3.363461915702291360e+00
