# best known angles for 60 measurement axes
# quantum error scale: 6.521478090310213
# polar angle, azimuthal angle
2.086888091358892527e+00 4.738495529950229823e+00
1.552610388243518491e+00 5.842957421905668802e+00
1.211200379038718244e+00 4.029035865165925046e+00
1.812884203069821787e+00 4.054686304439521827e+00
2.949444862613786800e+00 3.670912916558750627e+00
6.631137956330550587e-01 6.180479835125325394e+00
1.542893888931595292e+00 5.517570325121130104e+00
2.159693092300905448e+00 5.375199183697392691e+00
7.751502778252983283e-01 5.998216981255882096e+00
2.368519060515549945e+00 4.945708159170795426e+00
5.743090697592683203e-01 3.213953635163730560e+00
1.294333896251832261e+00 2.727882042121766215e+00
9.832254624614353844e-01 4.468516958708854681e+00
1.977668787239314829e+00 3.837576995698302351e+00
1.875007419243923223e+00 2.875484034537326483e+00
2.512366446047081592e+00 5.215323837894855208e-01
1.226835457837492482e+00 3.038432481358368076e+00
5.847426733205779437e-01 5.083673627336373180e+00
1.679736684753396547e+00 2.853059279729090125e+00
1.029177815558301345e+00 5.176911555644321261e+00
1.621828172962464842e+00 4.615110558332675694e+00
2.073829695050599220e+00 3.045991154687337499e+00
2.577477570228167369e+00 3.956046325807670350e+00
1.358129189329192021e+00 4.075741607395804600e+00
2.053945940309057416e+00 5.876983744801926868e-01
1.222593461451430885e+00 1.211237868884897484e+00
1.261253296767848475e+00 1.373607939143422829e+00
2.355073132837491312e-01 2.543101320566043100e+00
1.205514978326158282e+00 8.463330313114293402e-01
2.848113995959045575e+00 2.454866882454800336e+00
2.782997341088403243e+00 5.440772330944894541e+00
1.770093237263816510e+00 4.657504013104471485e-01
5.899250002764915290e-01 4.203063329020353400e+00
2.147107732062467189e+00 3.714038059122378499e+00
1.238236128714217621e+00 4.361447781155323611e+00
2.702385236930157753e+00 6.302564220971341946e+00
1.764711854950623993e+00 4.598038264505492911e+00
1.888914284730952131e+00 5.556255378419701962e+00
1.664107842258781389e+00 1.499578952230938178e+00
2.239526470786761259e+00 2.779771075186209472e+00
1.018170753518689686e+00 4.847165131431042440e+00
1.182667138836478893e+00 1.876583632911200450e+00
2.148236774179524744e+00 3.537246343022037998e+00
7.504095614914264578e-01 3.548707651842413213e+00
1.127295135476841459e+00 2.494389651928114127e+00
2.636335607103825751e+00 6.021957903173476012e+00
1.348771063970196415e+00 3.104500895863058219e+00
6.293915376405486706e-01 1.035599436089236436e+00
1.326795978102353724e+00 1.864444057088808560e+00
7.611807059659931873e-01 3.761332068891899194e+00
2.334727200193390306e+00 2.658869927601566818e+00
1.484700322985724741e+00 4.942474481111316820e+00
1.072860417266086275e+00 4.998521169022185795e+00
2.052178595583281417e+00 4.241656907091276629e+00
1.405298897408566505e+00 5.549453363598927602e+00
1.686811470553231551e+00 3.531516014823536942e+00
9.271274408763852115e-01 4.313996570028316491e+00
2.667667803967824103e+00 4.610939113137668244e+00
1.239055967581894402e+00 5.537315529102916578e+00
3.344856067951417766e-01 4.555036698091362801e+00
