# best known angles for 54 measurement axes
# quantum error scale: 5.883724301739461
# polar angle, azimuthal angle
2.206869685318558094e+00 4.104148755249839908e+00
1.750308177188446557e+00 2.035669976721451224e+00
6.111183776240777243e-01 4.143871321266327179e+00
2.349188474103774293e+00 2.077578555497400004e+00
1.889340631874523391e+00 5.789864330033321238e+00
1.853381387576103156e+00 1.164835015290211162e+00
2.221726173143822702e+00 4.353185359651019770e-02
2.495843184811865179e+00 4.147291936279926539e+00
1.941619339600110239e+00 2.762753075419664306e+00
1.413190006567942136e+00 4.834394360234156807e+00
2.341343936655830849e+00 5.236752532224864254e+00
6.695935439060499705e-01 5.742734199291525954e+00
2.197317632387107533e+00 2.043463738319026834e+00
2.691101955195254192e+00 8.959805767507590391e-01
1.149041639746122945e+00 1.627488439012854782e+00
2.358510127885316443e+00 1.606499220545900108e+00
7.852844378623339283e-01 2.304223184304126537e+00
8.095075638995221645e-01 6.258259358683448070e+00
7.522758681074711573e-01 2.400468487045467059e-01
2.494945983008970192e+00 5.316865235902667131e+00
2.074850151287459088e+00 2.841588159552733028e+00
1.714825026189940926e+00 4.553644913738084554e+00
1.495030191707904299e+00 4.298296724511173394e+00
1.414525180739532706e+00 3.755801400463535167e+00
1.338731140006124587e+00 1.275289280934125857e+00
2.366311569622345790e+00 4.016683013883286968e+00
1.903192690044496205e+00 2.055458361541117718e+00
9.100748431305250019e-01 6.074145795138373494e+00
1.522469313555904868e+00 1.272298217647131802e+00
1.347831374286038830e+00 5.835922272744558104e-01
2.145424910443645139e+00 6.151145929472544793e+00
2.659796406629229004e+00 4.561854362547559383e-01
2.158674528179766572e+00 2.064184931775007448e-01
1.573124842777439136e+00 2.691909134588013508e+00
1.159598235484430084e+00 1.303191085287001894e+00
5.267523716439970194e-01 5.608936814461081610e+00
2.593357594314795733e+00 2.785640451923756977e+00
1.282421669158711586e+00 2.367366200537619203e-01
2.071262298920723222e+00 1.871180781146090238e-02
1.061569253863821061e+00 5.785537975225293117e+00
1.418305497335996535e+00 1.590052403352986365e+00
2.149133564359957116e-01 2.306026078181654171e+00
2.566590276525159808e+00 7.316531331304922947e-01
1.823828025807864739e+00 2.175606502661980635e+00
2.135717701775041277e+00 2.443201233998895550e+00
1.852326275900338715e+00 3.911494098503530914e+00
2.808010283666030560e+00 5.755003961225716225e+00
1.260744812192381437e+00 4.459452439298757120e+00
2.325905653756573876e+00 4.215975051809397911e+00
2.198710895067044202e+00 1.631973392806528089e+00
3.205192556421649352e-01 4.403971706463304159e+00
2.454529776383616468e+00 5.919740326429645982e+00
7.379696071157582082e-01 3.954059159383403799e+00
1.248850373244263956e+00 2.497323658402918589e+00
