# best known angles for 78 measurement axes
# quantum error scale: 8.030367738808074
# polar angle, azimuthal angle
2.641935518843622877e+00 4.982470591694011297e+00
2.288564972747336501e+00 4.329403309111759413e+00
1.275014894810056365e+00 4.620341640554485707e+00
1.635268460563339687e-01 1.824627434795996095e+00
2.189506004503069203e+00 1.368940519503202280e+00
2.744992241386784992e-01 1.786033183526720469e+00
6.773662260318101813e-01 5.765161015719896476e+00
1.992927186442093657e+00 3.792470425087716368e+00
3.105235151327167542e-01 4.995953127473917732e+00
1.491171589627005467e+00 2.518395071514258010e+00
2.687622430892271819e+00 7.366269460957734772e-02
1.102871233604256318e+00 5.424237496701831418e+00
1.580609020123069364e+00 4.995363824493777472e+00
2.330973707068347167e+00 5.301381964998031826e+00
1.495428492952385557e+00 1.495130451076168487e+00
2.422639708977110118e+00 1.972897723460559805e+00
2.774280848538327460e-01 5.353870002708409181e+00
3.389629001269700570e-01 3.248994315426469992e+00
1.886168105933550887e+00 9.604149182019130482e-01
2.220637988521763084e+00 6.160001570947581939e+00
6.206544086094245571e-01 1.920567047658328530e+00
2.035471800641969864e+00 4.157996610718956987e-01
2.592579086164827018e+00 7.556087688763256649e-01
1.125558987168538083e+00 2.405554775977775339e+00
1.928557487168778950e+00 4.227661044263173018e+00
1.550006883625154375e+00 1.767963278914950198e-01
8.667790026797617120e-01 5.350421067379590667e+00
1.568277168980563463e+00 2.812651921466973626e+00
4.555697585041312281e-01 4.842425519995329775e-01
1.017946285545509921e+00 1.481530548902656896e+00
1.383770988429315452e+00 3.100551951157660913e+00
2.748304691787857301e+00 3.341800618398946376e+00
5.495073052130475810e-01 5.951707146210174493e+00
1.409570762584567483e+00 4.436423195564644928e+00
2.544544111911383411e+00 5.413390224459257993e+00
2.229735499322524461e+00 3.843144750097414519e+00
1.547452837466890330e+00 2.924055930631622058e+00
2.086001311622756038e+00 2.933098798213556790e+00
9.841161307817758441e-01 5.964729355020458534e+00
1.039583158045402245e+00 3.973741316463609952e+00
2.248061642809771499e+00 2.736398237820019563e+00
2.802118414700625060e+00 3.611929845950870188e+00
1.852305646697870678e+00 4.690393667664585209e+00
2.219840180619768510e+00 5.587670113021121487e+00
4.640141209143465173e-01 2.293391523584960900e+00
2.116418091896433928e+00 4.107819022527019470e+00
1.371147168561389629e+00 5.268473918934406974e+00
1.280776569957055022e+00 3.439828148195759994e+00
2.465846807460168044e+00 3.761044174317149213e+00
1.253061878608597413e+00 6.068672110782378226e+00
1.448144406767332804e+00 5.330000017722332117e+00
2.414481478935572856e+00 2.470909130052769243e+00
2.508131737580562959e+00 1.641634026132208879e+00
1.156152758283346182e+00 5.833607068574941934e+00
1.716679376646174537e+00 5.731994443093407554e+00
1.260169773884956879e+00 3.172341918391086590e+00
1.266008588764593323e+00 2.419925944268786377e+00
1.826574814456557005e+00 1.070890319139966351e+00
1.154593594205204132e+00 1.752477244558347858e+00
1.850476975071388308e+00 3.030958237075489503e+00
1.932563466737819979e+00 4.458154239150636577e+00
5.135212411338462291e-01 4.706426036606963237e+00
1.619912236389225102e+00 2.703760097620789615e+00
1.197645769676929373e+00 2.665038969382503842e-01
2.210200435877483383e+00 4.863146586140945971e+00
1.757292597374489285e+00 1.723138897757883647e+00
1.436113745000296316e+00 2.284075326217481494e-01
1.657649060546107611e+00 4.531149332160159915e+00
1.002662446327106549e+00 3.619554004284436743e+00
1.204486855228200870e+00 2.500294772781930241e+00
3.617033313030070807e-01 6.180615700208400121e+00
1.125857024220922264e+00 3.975901561574573528e-01
1.465384194527219908e+00 5.090090304388574793e+00
1.875367951856594106e-01 4.392605186468640177e+00
1.493133484892303686e+00 4.050474916345656595e+00
6.734176201521967497e-01 7.841317913279192142e-01
5.415431082982131716e-01 2.973357598998889184e+00
9.211244015675834618e-01 4.806753577788324350e+00
