# best known angles for 39 measurement axes
# quantum error scale: 4.543378559315587
# polar angle, azimuthal angle
1.995929870912947157e+00 3.551069014471599949e+00
1.547159342005155924e+00 3.234951112504555581e+00
1.185567268999963009e+00 9.227847460364045906e-01
1.834421976568768597e+00 4.664294874219235609e+00
1.885261160507881062e+00 1.163230225212919855e+00
2.241416872423176443e+00 3.624062955843895040e+00
9.096881630037596533e-01 1.796598749457028132e+00
2.395742858767546224e+00 2.210802454615531598e+00
1.689128401897771470e-01 4.463727897387296251e-01
1.431439997972647760e+00 1.776212395658983034e+00
2.107490942007776091e+00 5.166602116028141900e+00
2.723129869515533485e+00 3.378780183202529042e+00
1.992174132253498486e+00 1.857907560256488289e+00
6.943427604859804259e-01 2.013834488055984639e+00
1.802696832182061559e+00 3.914881636579612412e+00
1.385042886533136119e+00 5.721270279944273618e+00
2.434189880134025152e+00 1.049590420999725326e+00
2.443791532738009309e+00 3.396820399565208426e+00
1.748493851642560548e+00 3.116606277406115844e+00
2.799233459031762017e+00 2.850990651778305462e+00
1.913324442367779987e+00 2.392249833525457614e+00
1.415840120606950858e+00 5.052784084235560691e+00
1.804585478574306956e+00 5.938096970043191369e+00
1.972626340144533863e+00 3.810651239267520696e-01
1.114798215326838537e+00 6.331974617902841329e-01
2.151503607540659502e+00 2.809347720052553843e+00
2.628811728631245348e+00 8.652138993995114324e-01
2.898861913080855057e+00 9.942881800404126391e-01
1.351950546525473751e+00 3.347357471439158960e+00
9.164975025635437034e-02 2.934020838898877326e+00
1.450927456783595915e+00 2.261224339988556764e+00
5.760728703520574534e-01 -1.015915541859672006e-01
2.045869502141437479e+00 1.330844381952626998e+00
1.465341208019917296e+00 1.321813249064383022e+00
2.245474292156151908e+00 6.228415249492818440e+00
2.926157231812263060e+00 4.777747874044663057e+00
1.533236208357651842e+00 5.254511167587468279e+00
7.165924663980433040e-01 3.292818390336590184e+00
1.013922048494376726e+00 3.735604874816682575e+00
