# best known angles for 18 measurement axes
# quantum error scale: 2.3483098958038084
# polar angle, azimuthal angle
1.344443746075428159e+00 1.683351686860973917e+00
1.972967858415957343e+00 2.578318488481384119e+00
2.337463576247186037e+00 4.653884841710309139e+00
2.920839665614650915e+00 1.917608991764870652e+00
2.225347092480711719e+00 5.273030717449232796e+00
2.672070967653714213e+00 5.559797953284306260e+00
1.499732214347266224e+00 2.913254569115317327e+00
4.793682712439292226e-01 3.720347075574859108e+00
2.137824429118533320e+00 8.048590057607110104e-01
6.756740731229331498e-01 -1.153128642971513740e-01
1.534972832037936996e+00 3.939752574564944432e+00
2.172622590951399424e+00 5.906229807869155302e+00
1.961717884544645907e+00 1.863312407385388392e+00
1.369823845973740850e+00 4.487898336511860542e+00
1.226789064480982905e+00 1.153935018508741805e+00
7.385617611955328510e-01 4.547361715334060861e+00
2.421123382008194103e+00 2.206291364107130892e+00
1.204768395219489197e+00 6.268413483839843536e+00
