# best known angles for 66 measurement axes
# quantum error scale: 7.026268214461159
# polar angle, azimuthal angle
1.748705457033423505e+00 4.623700768843372333e-01
1.355474988658981195e+00 3.882446190343534553e+00
1.710870190078938036e+00 5.714074108954243947e+00
2.318660343423159187e+00 2.076463725249485304e+00
1.959178924484408224e+00 2.097314237058856001e+00
1.637748003432046628e+00 4.314548977586326828e+00
2.146663701415413072e+00 4.572547183493116840e+00
1.260008747558966524e+00 8.808716889239032177e-01
1.389691584996799456e+00 4.650111760471323130e+00
2.305849950755622935e-01 4.236710939676228804e+00
8.286692568682111348e-01 8.911676052056420883e-01
1.832404246507908896e+00 8.639874785378439670e-01
2.076990172531894441e+00 1.024804287663467983e+00
3.638686250764366359e-01 5.497231447878064836e-01
1.455503930118257294e+00 1.565987188069790870e+00
4.647780427692915217e-01 2.705539625690700500e+00
8.594659089264308216e-01 2.452195955720731124e+00
2.072202379748238066e+00 7.047030611350157958e-01
2.304626322500628322e-01 2.304129544263981977e+00
6.506968120721082771e-01 4.112031598020504219e+00
1.066549471475799260e+00 3.590927254525564383e+00
1.835371716118829322e-01 4.835607012955565054e+00
1.173810700585187217e+00 4.457802235124374235e+00
9.714550315063035235e-01 1.946008419372678988e+00
1.418341238103435709e+00 3.313544438808620818e+00
1.337343489370392380e+00 6.136787558926336539e-01
4.659181446025117967e-01 5.211042965497598267e+00
1.659458354535499724e+00 5.594075923144784745e+00
1.242552680668345788e+00 -1.007230607918667975e-01
2.714088453579357907e+00 3.400037545344915202e+00
1.350414333033608916e+00 2.470624930075193237e+00
8.333628128890880893e-01 1.924499493578093912e+00
2.134053834482818157e+00 2.481476529857912006e+00
1.022646247714429357e+00 5.469740044545621238e+00
1.006115837224025533e+00 2.421430956525816303e+00
2.019958238275731510e+00 2.437899441232067144e+00
1.783825219605285506e+00 2.330082908426301724e+00
2.541825807074534982e+00 1.520713722107249755e+00
1.807950132073181226e+00 3.459670650316699181e+00
2.212674647560439301e+00 4.401303111708736893e+00
3.156186556845754221e-01 4.659476002554224117e+00
5.565909663744208480e-01 1.078090661113020321e+00
1.067083819373995102e+00 2.727220022451625203e-01
6.965617951687915754e-01 5.582825622572203272e+00
2.051076084967295543e+00 3.929839875736833577e+00
1.124607233670644746e+00 4.218892220528461801e-01
1.128343581317059252e+00 6.169123613517723648e+00
2.697539239946481704e+00 2.353161909962631970e+00
1.440710277528161498e+00 1.441259468700062607e+00
2.511207772551576234e+00 4.444202642044267293e+00
9.083781077063198817e-01 4.273132311611540501e+00
2.243677478994853036e+00 2.209636336316899374e+00
1.281209364993157740e+00 2.066327785470664313e+00
1.362819092114818664e-01 2.804843902758936025e+00
1.854913960194023215e+00 4.165461834729289770e+00
2.297258439064339797e+00 3.071241358841900748e+00
1.426323975673408295e+00 5.058782855293959102e+00
1.927330011053196346e+00 7.524882686814878818e-01
1.562517111180930396e+00 5.492147377165900402e+00
1.306263962392699485e+00 1.622392419300108524e-01
2.086227303831859725e+00 1.776255172681237227e+00
2.736230071233741956e+00 2.672314456331666976e-01
2.443556611013967927e+00 4.635111114126352128e+00
7.832419914635746494e-01 3.708786142249123507e+00
1.741833628306127091e+00 5.323636819973320833e+00
1.044591233980598943e+00 5.979231123556798977e+00
